list(x = c(1, 2, 3, 4, 5), Y= c(1, 3, 3, 3, 5), xbar = 3, N = 5)