list(alpha = c(250, 250, 250, 250, 250, 250, 250, 250, 250, 250, 250, 250, 250, 250, 250, 
						 250, 250, 250, 250, 250, 250, 250, 250, 250, 250, 250, 250, 250, 250, 250),
		beta  = c(6, 6, 6, 6, 6, 6, 6, 6, 6, 6, 6, 6, 6, 6, 6, 
						6, 6, 6, 6, 6, 6, 6, 6, 6, 6, 6, 6, 6, 6, 6),			
		 alpha.c = 150, beta.c = 10, 
		 tau.c = 1, alpha.tau = 1, beta.tau = 1)