	list(x = c(8.0, 15.0, 22.0, 29.0, 36.0), xbar = 22, N = 30, T = 5,	
		Y = structure(
			.Data =   c(151, 199, 246, 283, 320,
							 145, 199, 249, 293, 354,
							 147, 214, 263, 312, 328,
							 155, 200, 237, 272, 297,
							 135, 188, 230, 280, 323,
							 159, 210, 252, 298, NA,
							 141, 189, 231, 275, NA,
							 159, 201, 248, 297, NA,
							 177, 236, 285, 350, NA,
							 134, 182, 220, 260, NA,
							 160, 208, 261, 313, NA,
							 143, 188, 220, NA, NA,
							 154, 200, 244, NA, NA,
							 171, 221, 270, NA, NA,
							 163, 216, 242, NA, NA,
							 160, 207, 248, NA, NA,
							 142, 187, 234, NA, NA,
							 156, 203, 243, NA, NA,
							 157, 212, 259, NA, NA,
							 152, 203, 246, NA, NA,
							 154, 205, 253, NA, NA,
							 139, 190, NA, NA, NA,
							 146, 191, NA, NA, NA,
							 157, 211, NA, NA, NA,
							 132, 185, NA, NA, NA,
							 160, NA, NA, NA, NA,
							 169, NA, NA, NA, NA,
							 157, NA, NA, NA, NA,
							 137, NA, NA, NA, NA,
							 153, NA, NA, NA, NA),
						.Dim = c(30,5)))