list(b = c(	0.1,	0.1,	0.1,	0.1,	0.1,	0.1,	0.1,	0.1,	0.1,	0.1,	0.1,	0.1), 
	     tau = 1, mu = 0)