res.true <-
list(Air = c(`X[1]` = 13.55324490458, `X[2]` = 27.4507492257778, 
`X[3]` = 40.8776617444444, `theta[1]` = -0.981880104546878, `theta[2]` = 0.0482327753371544
), Asia = c(bronchitis = 1.81063333333333, either = 1.18034444444444, 
lung.cancer = 1.09811111111111), Beetles = c(alpha = -60.7772836666667, 
beta = 34.3049221111111, `rhat[1]` = 3.57077926666667, `rhat[2]` = 9.9554877, 
`rhat[3]` = 22.5073454444444, `rhat[4]` = 33.8986136666667, `rhat[5]` = 50.0451377777778, 
`rhat[6]` = 53.2143204444444, `rhat[7]` = 59.1437545555556, `rhat[8]` = 58.6835145555556
), BiRats = c(`mu.beta[1]` = 106.583685777778, `mu.beta[2]` = 6.185704, 
sigma = 6.14676843333333), Camel = c(`Sigma2[1,1]` = 3.20007146333333, 
`Sigma2[1,2]` = -0.028427816206, `Sigma2[2,1]` = -0.028427816206, 
`Sigma2[2,2]` = 3.19489287, rho = -0.007930066187, `tau[1,1]` = 0.859220027222222, 
`tau[1,2]` = 0.00686518982377778, `tau[2,1]` = 0.00686518982377778, 
`tau[2,2]` = 0.861865216), Dugongs = c(U3 = 1.85249116, alpha = 2.65009202222222, 
beta = 0.972976222222222, gamma = 0.861311653333333, sigma = 0.0990820225555556
), Dyes = c(sigma2.btw = 2307.34503106557, sigma2.with = 2995.98455, 
theta = 1527.54352222222), Equiv = c(equiv = 0.998111111111111, 
mu = 1.43620435555556, phi = -0.00783315268086667, pi = -0.180038610701778, 
sigma1 = 0.110257199111111, sigma2 = 0.140144792, theta = 0.993523917777778
), Eyes = c(`P[1]` = 0.600735756022222, `P[2]` = 0.399264250466667, 
`lambda[1]` = 536.772007777778, `lambda[2]` = 548.866511111111, 
sigma = 3.78355533333333), Line = c(alpha = 2.99620581572222, 
beta = 0.799177662843333, sigma = 1.01611033), OtreesMVN = c(`mu[1]` = 5.26414507777778, 
`mu[2]` = 2.20061146666667, `mu[3]` = -5.88041644444444, `sigma[1]` = 0.257718626444444, 
`sigma[2]` = 0.265100436222222, `sigma[3]` = 0.227623415444444, 
sigmaC = 7.855133), Rats = c(alpha0 = 106.574945666667, beta.c = 6.18549895555556, 
sigma = 6.09162915555556), Stacks = c(`b[1]` = 0.715589346111111, 
`b[2]` = 1.29242552905556, `b[3]` = -0.150999497927076, b0 = -39.9532903504444, 
`outlier[3]` = 0.0103, `outlier[4]` = 0.0533777777777778, `outlier[21]` = 0.323188888888889, 
sigma = 3.3934322), Surgical = c(`p[1]` = 0.0204469565787511, 
`p[2]` = 0.126674900111111, `p[3]` = 0.0743975098888889, `p[4]` = 0.0578671596666667, 
`p[5]` = 0.0422717278555556, `p[6]` = 0.0707507904444444, `p[7]` = 0.0667538574444444, 
`p[8]` = 0.147424460777778, `p[9]` = 0.0718177787777778, `p[10]` = 0.0907569283333333, 
`p[11]` = 0.116379394333333, `p[12]` = 0.0689891082222222), Surgicalrand = c(`p[1]` = 0.0534371058355556, 
`p[2]` = 0.103124292, `p[3]` = 0.0707418948888889, `p[4]` = 0.0593146222222222, 
`p[5]` = 0.0517482800555556, `p[6]` = 0.069242749, `p[7]` = 0.0668055593333333, 
`p[8]` = 0.123076053222222, `p[9]` = 0.0699246181111111, `p[10]` = 0.0785115627777778, 
`p[11]` = 0.102093686666667, `p[12]` = 0.0684852508888889, pop.mean = 0.0729013404444444, 
sigma = 0.402356268444444))